0.14600000000007962
0.017600000000077505
0.011600000000077505
0.007000000000077497
-0.008199999999922495
-0.0015999999999225002
0.010400000000077502
-0.0035999999999225003
0.000600000000077501
0.0020000000000775014
-0.0005999999999224991
0.0040000000000775015
-0.0025999999999225
0.0054000000000775
-0.008199999999922495
-0.0049999999999225
0.0018000000000775005
0.0098000000000775
0.003000000000077502
0.0038000000000775022
0.0006000000000775009
-0.002999999999922501
-0.0045999999999225
0.008400000000077497
0.0054000000000775
0.004400000000077502
0.001200000000077501
0.0016000000000775012
0.0014000000000775003
-0.005199999999922499
0.003400000000077501
0.007200000000077497
0.012800000000077508
0.001200000000077501
-0.004599999999922499
0.0062000000000774986
0.0028000000000775018
-0.0021999999999225005
0.0036000000000775013
-0.0011999999999225
-0.0023999999999225006
-0.0067999999999224965
-0.0013999999999225001
-0.007799999999922495
-0.0021999999999225005
-0.0025999999999225007
-0.005999999999922498
-0.0023999999999225006
0.0094000000000775
0.004400000000077502
-0.0023999999999224997
-0.005999999999922497
-0.0047999999999225
-0.003599999999922501
0.00020000000007750003
-0.0061999999999224975
-0.005999999999922498
0.014200000000077512
0.003200000000077502
-0.002999999999922501
-0.0009999999999225
-0.0013999999999225001
-0.007799999999922495
-0.0021999999999225005
-0.008999999999922497
-0.0067999999999224965
0.002600000000077501
0.008800000000077498
-0.0023999999999224997
0.003400000000077501
0.0022000000000775006
0.002800000000077501
-0.0009999999999225
0.001200000000077501
0.007800000000077496
-0.008799999999922497
0.003000000000077501
-0.0037999999999225012
0.003000000000077502
0.006400000000077498
0.0100000000000775
-0.010599999999922501
0.005200000000077499
0.006000000000077499
0.004000000000077502
-0.0043999999999225
0.001000000000077501
-0.012199999999922505
-0.005599999999922499
-0.0001999999999225
0.0036000000000775013
0.0008000000000775001
-0.008199999999922495
-0.0037999999999225012
-0.0003999999999225
0.006400000000077498
-0.0033999999999225
0.005600000000077499
-0.0031999999999225
-0.0017999999999225003
-0.0015999999999225002
-0.0045999999999225
0.000400000000077501
-0.005199999999922498
0.0006000000000775001
0.0010000000000775
-0.005799999999922498
0.011200000000077504
0.005000000000077501
0.007800000000077496
-0.000999999999922499
0.0062000000000774986
-0.0017999999999224994
0.000800000000077501
0.003200000000077501
-0.005999999999922498
-0.005399999999922499
-0.008599999999922496
-0.0047999999999225
-0.0045999999999225
-0.0073999999999224955
-0.00019999999992249902
-0.0023999999999225006
-0.004399999999922501
-0.0009999999999225
0.007600000000077496
-0.006799999999922496
0.002800000000077501
-0.0099999999999225
-0.0021999999999225005
-0.00019999999992249902
0.000200000000077501
0.004200000000077502
0.003600000000077502
0.0014000000000775011
0.010200000000077501
0.0074000000000774965
0.011400000000077504
-0.00019999999992249912
-0.008999999999922497
-0.006599999999922497
0.005600000000077499
0.0038000000000775022
0.003000000000077502
-0.0047999999999225
0.008800000000077498
-0.0027999999999225008
-0.003199999999922501
0.004800000000077501
0.001000000000077501
-0.005199999999922498
-0.005199999999922499
-0.008599999999922496
-0.0003999999999224999
0.0018000000000775005
-0.003399999999922501
0.007600000000077496
0.003400000000077502
0.00040000000007750004
0.0024000000000775007
-0.0001999999999225
-0.0073999999999224955
-0.005999999999922498
0.008600000000077497
-0.0005999999999224991
-0.0013999999999225001
0.003400000000077502
0.0014000000000775011
-0.006599999999922496
-0.005199999999922499
-0.0045999999999225
0.0006000000000775001
0.0012000000000775002
-0.0099999999999225
-0.0097999999999225
-0.0023999999999225006
-0.0027999999999225008
-0.0025999999999225007
-0.005799999999922498
-0.0017999999999225003
-0.000999999999922499
0.0028000000000775018
0.000200000000077501
-0.0017999999999225003
-0.0045999999999225
0.0022000000000775006
0.003600000000077502
0.003400000000077502
-0.0021999999999225005
0.0020000000000775005
-0.0005999999999225
0.001200000000077501
7.750012654197946e-14
0.003400000000077502
-0.0099999999999225
0.0074000000000774965
-0.000999999999922499
-0.0017999999999224994
0.004200000000077502
0.004600000000077501
-0.0029999999999225
0.000800000000077501
-0.008199999999922495
-0.0023999999999225006
0.0018000000000775013
0.003000000000077502
-0.0021999999999224996
0.011000000000077503
-0.0043999999999225
-0.011999999999922505
0.0038000000000775014
0.0062000000000774986
-0.0043999999999225
0.0022000000000775006
0.0094000000000775
-0.008999999999922497
0.008000000000077495
0.000800000000077501
0.0016000000000775012
-0.0037999999999225004
-0.005399999999922499
0.004200000000077501
0.005800000000077499
0.0062000000000774986
-0.006799999999922496
-0.0017999999999225003
-0.0047999999999225
-0.008399999999922496
-0.0047999999999225
-0.005399999999922499
0.0012000000000775002
7.750012654197946e-14
0.004400000000077502
-0.007599999999922495
-0.012999999999922508
-0.003199999999922501
-0.003399999999922501
-0.005199999999922499
-0.005199999999922499
0.005000000000077501
0.003600000000077502
-0.0005999999999224991
0.006400000000077498
0.0014000000000775003
0.0024000000000775016
0.003400000000077502
0.004400000000077502
0.0024000000000775016
-0.003999999999922501
0.008800000000077498
-0.014399999999922511
-0.0003999999999225
0.0098000000000775
0.0100000000000775
-0.0007999999999224991
-0.0045999999999225
-0.012399999999922506
-0.0005999999999224999
0.0050000000000775
-0.005199999999922499
0.0014000000000775003
0.007600000000077496
0.003600000000077502
0.003000000000077502
-0.0033999999999225
-0.00039999999992249913
-0.002999999999922501
-0.0013999999999225001
0.00020000000007750003
0.004200000000077501
-0.000999999999922499
0.0048000000000775
-0.004399999999922501
-0.007199999999922496
0.0006000000000775001
0.003200000000077501
0.0054000000000775
0.008600000000077497
0.0022000000000775015
-0.0097999999999225
-0.0025999999999225007
0.011000000000077503
-0.005799999999922498
-0.0023999999999225006
0.005400000000077499
0.0094000000000775
0.006400000000077498
-0.0073999999999224955
-0.0023999999999225006
0.00040000000007750015
0.0094000000000775
-0.0017999999999225003
-0.005999999999922498
-0.0039999999999225004
-0.0101999999999225
-0.0007999999999225
-0.011999999999922505
-0.007199999999922496
0.0068000000000774975
0.0026000000000775017
0.000800000000077501
0.00040000000007750015
-0.007599999999922495
-0.0025999999999225007
-0.0017999999999225003
0.0098000000000775
0.008600000000077497
-0.000599999999922499
0.000200000000077501
0.003200000000077501
-0.0007999999999225
0.003200000000077501
0.008600000000077497
0.006400000000077498
-0.002999999999922501
0.003400000000077501
0.005800000000077499
-0.0013999999999225001
-0.0011999999999225
-0.0009999999999225
-0.004199999999922501
0.0010000000000775
-0.00019999999992249902
-0.005199999999922498
-0.00019999999992249912
0.003000000000077502
-0.0073999999999224955
-0.005399999999922499
0.0040000000000775015
-0.00039999999992249913
0.0020000000000775014
-0.0033999999999225
-0.0027999999999225008
0.008600000000077497
0.003400000000077502
-0.00039999999992249913
0.012400000000077507
0.014400000000077512
0.000600000000077501
-0.008999999999922497
0.004400000000077501
0.001000000000077501
-0.005599999999922498
0.003200000000077501
0.0100000000000775
0.0052000000000775
-0.0041999999999225
-0.002999999999922501
-0.0009999999999225
0.006400000000077498
-0.011399999999922503
0.0010000000000775
-0.003999999999922501
0.0018000000000775005
-0.0021999999999225005
-0.0005999999999225
0.009000000000077498
0.0016000000000775012
0.0022000000000775015
0.016000000000077515
0.000600000000077501
0.0004000000000775009
-0.004399999999922501
-0.0019999999999224995
0.003400000000077502
-0.0015999999999224994
0.003400000000077502
-0.000399999999922499
-0.0021999999999224996
0.011000000000077503
0.0052000000000775
0.003200000000077502
0.003600000000077502
-0.011999999999922505
0.0024000000000775016
-0.0007999999999225
-0.007599999999922495
0.00020000000007750003
0.006400000000077498
0.010400000000077502
-0.00039999999992249913
0.015400000000077515
-0.004199999999922501
0.0008000000000775001
-0.0067999999999224965
0.006400000000077497
0.0096000000000775
-0.0011999999999224992
0.0024000000000775007
-0.005399999999922499
-0.006999999999922496
0.009200000000077499
0.007000000000077497
-0.005999999999922498
-0.006599999999922497
-0.0005999999999225
-0.003199999999922501
0.000600000000077501
-0.0015999999999224994
0.003000000000077502
0.0056000000000775
0.0014000000000775011
0.003200000000077502
0.000800000000077501
0.0020000000000775014
0.003000000000077502
0.0038000000000775022
0.006400000000077498
0.0022000000000775015
-0.0017999999999224994
-0.0025999999999225
-0.0029999999999225
-0.005599999999922499
-0.004199999999922501
-0.0003999999999225
-0.004199999999922501
-0.010999999999922502
-0.008799999999922497
-0.005199999999922499
-0.007799999999922495
0.003400000000077501
0.0036000000000775013
0.0006000000000775009
-0.0035999999999225003
-0.0021999999999225005
0.0068000000000774975
0.005000000000077501
0.0002000000000775009
0.004200000000077501
-0.000999999999922499
-0.006399999999922496
-0.0039999999999225004
-0.0025999999999225007
-0.0009999999999225
0.004600000000077501
-0.0023999999999224997
0.003000000000077501
0.010800000000077503
-0.0011999999999224992
0.0056000000000775
0.006400000000077498
-0.005799999999922498
-0.0015999999999225002
0.00020000000007750014
0.011400000000077504
0.006600000000077498
-0.0019999999999224995
0.0016000000000775012
-0.0013999999999224993
0.0022000000000775015
0.0028000000000775018
-0.0023999999999224997
-0.012199999999922505
0.004200000000077501
-0.005199999999922498
0.002600000000077501
0.0068000000000774975
7.750099390371745e-14
0.0052000000000775
-0.009599999999922499
-0.005599999999922499
0.008000000000077495
0.009200000000077499
0.008200000000077496
-0.005799999999922497
-0.0073999999999224955
-0.005599999999922499
-0.0067999999999224965
-0.003199999999922501
0.0022000000000775015
0.0022000000000775015
0.010800000000077503
7.750099390371745e-14
0.000400000000077501
-0.0073999999999224955
0.007800000000077496
-0.0009999999999225
-0.00019999999992249988
0.0016000000000775012
-0.0019999999999225004
-0.003599999999922501
-0.005599999999922499
-0.003199999999922501
0.007800000000077496
0.004200000000077501
0.0062000000000774986
0.000800000000077501
0.0068000000000774975
0.006600000000077498
0.009200000000077499
0.008400000000077497
0.008600000000077497
-0.011599999999922504
0.00020000000007750014
0.002600000000077501
0.009000000000077498
0.004400000000077502
0.0056000000000775
0.0014000000000775011
-0.0033999999999225
-0.004199999999922501
0.0016000000000775004
-0.00019999999992249988
-0.0073999999999224955
-0.004199999999922501
-0.0027999999999225008
-0.005599999999922499
-0.005999999999922498
-0.010599999999922501
-0.0009999999999225
0.0016000000000775004
0.0016000000000775004
0.004600000000077501
-0.0011999999999224992
0.000400000000077501
0.008600000000077497
0.001000000000077501
-0.0027999999999225008
-0.0049999999999225
-0.0015999999999225002
-0.006599999999922497
-0.0005999999999225
0.007600000000077496
-0.007599999999922495
0.006400000000077498
0.003000000000077502
-0.0023999999999224997
0.004600000000077501
-0.010999999999922502
0.007800000000077496
0.0028000000000775018
-0.013199999999922508
0.00040000000007750004
-0.003199999999922501
0.012600000000077508
0.006600000000077498
-0.0017999999999224994
0.008200000000077496
-0.0025999999999225
0.007800000000077496
-0.007199999999922496
-0.004399999999922501
0.0006000000000775001
0.0096000000000775
7.75008854835002e-14
-0.0017999999999224994
7.75008854835002e-14
-0.0001999999999225
-0.0027999999999225008
-0.0003999999999225
0.0006000000000775001
0.00040000000007750004
0.004200000000077501
-0.006599999999922497
-0.004199999999922501
0.004400000000077502
-0.005599999999922498
0.0014000000000775003
-0.0027999999999225008
-0.0025999999999225007
-0.0005999999999225
0.007800000000077496
0.008400000000077497
0.0038000000000775022
0.000200000000077501
0.0018000000000775013
0.0022000000000775015
-0.006799999999922496
-0.0017999999999225003
-0.0103999999999225
-0.0015999999999225002
0.0040000000000775015
0.0002000000000775009
0.008200000000077496
0.007200000000077497
0.011400000000077504
-0.013399999999922509
-0.010999999999922502
-0.0007999999999225
-0.0021999999999225005
0.006000000000077498
-0.00019999999992249902
0.008000000000077495
-0.0013999999999225001
7.750099390371745e-14
-0.0017999999999225003
-0.0073999999999224955
-0.003599999999922501
0.0004000000000775009
0.014000000000077511
-0.000999999999922499
0.003400000000077501
0.004200000000077502
-0.005599999999922499
0.007400000000077496
0.004800000000077501
0.0096000000000775
0.003600000000077502
0.0022000000000775015
-0.0007999999999224991
0.0020000000000775014
-0.008999999999922497
0.0024000000000775016
-0.005599999999922499
-0.0013999999999225001
-0.009199999999922498
-0.0047999999999225
-0.005399999999922499
0.0074000000000774965
0.008000000000077495
-0.000799999999922499
-0.0031999999999225
-0.0019999999999224995
0.003000000000077502
-0.011799999999922504
-0.0013999999999225001
0.006600000000077498
0.004800000000077501
0.0018000000000775013
-0.0033999999999225
0.005000000000077501
0.008800000000077498
0.0038000000000775022
0.0024000000000775016
-0.003199999999922501
-0.008399999999922496
0.0006000000000775
0.006400000000077498
-0.0021999999999224996
-0.0041999999999225
-0.006599999999922497
-0.005399999999922499
0.004200000000077501
0.0020000000000775005
0.004200000000077501
0.0062000000000774986
-0.0029999999999225
0.010800000000077503
0.016200000000077514
0.000800000000077501
-0.0007999999999224991
-0.0097999999999225
-0.0045999999999225
-0.010599999999922501
-0.007199999999922496
-0.007799999999922495
0.0022000000000775006
0.005800000000077498
-0.0025999999999225007
-0.0061999999999224975
0.001000000000077501
-0.0043999999999225
0.0056000000000775
0.003000000000077502
0.0022000000000775015
0.0020000000000775014
-0.0021999999999225005
-0.0007999999999225
-0.006599999999922497
-0.005199999999922499
-0.0017999999999225003
0.0020000000000775014
-0.00019999999992249902
0.0068000000000774975
-0.0023999999999224997
7.750099390371745e-14
0.001000000000077501
0.006400000000077498
0.007800000000077496
-0.000999999999922499
-0.010599999999922501
7.750012654197946e-14
-0.00039999999992249913
0.008400000000077497
7.75008854835002e-14
0.005000000000077501
0.003400000000077502
0.003000000000077502
-0.0035999999999225003
0.0036000000000775013
-0.0073999999999224955
-0.0037999999999225012
0.006600000000077497
0.004000000000077502
0.011200000000077504
0.0074000000000774965
0.005000000000077501
0.0008000000000775009
0.0028000000000775018
-0.01659999999992251
-0.0019999999999225004
0.0014000000000775003
0.008600000000077497
-0.007599999999922495
-0.0061999999999224975
0.0046000000000775
-0.011399999999922503
-0.0015999999999225002
-0.0005999999999225
0.000800000000077501
-0.0031999999999225
0.0014000000000775011
-0.010599999999922501
-0.0037999999999225012
0.004200000000077501
0.006400000000077498
-0.0023999999999224997
-0.0027999999999225008
0.0016000000000775004
-0.005199999999922499
-0.0073999999999224955
-0.008599999999922496
-0.0005999999999225
0.008800000000077498
-0.0015999999999225002
-0.0015999999999225002
0.0010000000000775
-0.0025999999999225007
-0.0025999999999225007
0.0014000000000775003
-0.0025999999999225
-0.012199999999922505
0.0054000000000775
0.007000000000077497
0.0098000000000775
-0.0035999999999225003
7.750001812176222e-14
0.007200000000077496
0.0008000000000775001
-0.0023999999999225006
-0.005199999999922499
0.0068000000000774975
0.006000000000077499
-0.0067999999999224965
7.750001812176222e-14
-0.0101999999999225
0.007000000000077497
0.0052000000000775
0.003600000000077502
0.0068000000000774975
-0.005999999999922498
0.0038000000000775022
-0.003999999999922501
0.002600000000077501
0.000600000000077501
-0.006799999999922496
-0.007999999999922494
-0.005999999999922498
-0.0017999999999225003
0.0020000000000775005
-0.0037999999999225004
-0.005999999999922498
-0.005399999999922499
0.0008000000000775001
0.003000000000077501
0.0016000000000775004
0.0040000000000775015
0.006000000000077499
-0.0015999999999224994
-0.0019999999999224995
-0.005199999999922498
-0.0073999999999224955
-0.0047999999999225
-0.011599999999922504
0.0096000000000775
-0.0023999999999224997
0.0006000000000775001
-0.0067999999999224965
-0.0017999999999225003
0.006800000000077497
-0.010599999999922501
0.010200000000077501
-0.00019999999992249912
-0.005399999999922499
0.0038000000000775014
-0.0061999999999224975
0.00040000000007750015
0.003000000000077502
-0.005999999999922498
-0.0011999999999225
-0.0103999999999225
-0.0019999999999225004
-0.0007999999999224991
0.0018000000000775013
0.0056000000000775
0.0020000000000775014
-0.0041999999999225
0.005200000000077499
-0.011599999999922504
-0.0037999999999225012
-0.0007999999999225
0.003000000000077501
0.004400000000077501
-0.008399999999922496
-0.004399999999922501
-0.0037999999999225012
-0.010599999999922501
-0.0005999999999225
-0.00019999999992249902
-0.004799999999922499
0.012200000000077506
0.005000000000077501
-0.008399999999922496
-0.0061999999999224975
0.0018000000000775005
-0.009399999999922498
0.0006000000000775001
-0.0027999999999225008
-0.007599999999922495
0.003400000000077501
0.004800000000077501
-0.0005999999999224991
-0.0067999999999224965
0.007800000000077496
0.0028000000000775018
0.010200000000077501
0.0038000000000775022
-0.0061999999999224975
0.0010000000000775
-0.0037999999999225012
0.0038000000000775022
0.0022000000000775015
0.003600000000077502
-0.0049999999999225
-0.0021999999999225005
0.004800000000077501
0.011400000000077504
0.003400000000077502
-0.00019999999992249912
7.750001812176222e-14
0.0006000000000775001
0.0054000000000775
0.005800000000077499
0.0022000000000775015
-0.000999999999922499
-0.005999999999922498
0.011000000000077503
0.011800000000077505
-0.005399999999922499
0.0010000000000775
-0.0027999999999225008
0.001000000000077501
0.008000000000077495
0.0024000000000775016
-0.0033999999999225
0.008200000000077496
0.007800000000077496
0.008000000000077495
0.0016000000000775012
-0.006599999999922497
-0.007799999999922495
-0.006999999999922496
-0.0029999999999225
-0.0073999999999224955
-0.0073999999999224955
-0.0101999999999225
0.0024000000000775007
-0.003399999999922501
0.006000000000077499
-0.0013999999999225001
-0.005599999999922499
7.750012654197946e-14
0.010600000000077502
0.0094000000000775
0.0018000000000775013
0.003400000000077502
0.0010000000000775
-0.0027999999999225008
0.004400000000077501
-0.0011999999999224992
0.0006000000000775
0.011000000000077503
-0.00019999999992249902
-0.0031999999999225
-0.0041999999999225
-0.003399999999922501
0.0018000000000775005
-0.0015999999999225002
0.001000000000077501
-0.006999999999922496
0.003000000000077501
-0.005799999999922498
-0.003399999999922501
0.006600000000077497
-0.005799999999922498
0.0016000000000775012
-0.004599999999922499
-0.00019999999992249902
0.004200000000077502
0.000400000000077501
0.006000000000077499
-0.0003999999999224999
0.0052000000000775
0.007800000000077496
0.008200000000077496
-0.0029999999999225
-0.008799999999922497
0.0024000000000775016
0.003000000000077502
0.0022000000000775015
0.0028000000000775018
0.007000000000077497
-0.0025999999999225007
0.006000000000077499
0.007200000000077497
0.006400000000077498
0.0014000000000775011
-0.000999999999922499
0.007200000000077497
-0.006399999999922496
0.0024000000000775007
0.004200000000077502
0.0020000000000775014
0.0054000000000775
0.003600000000077502
0.006600000000077498
0.010600000000077502
-0.015799999999922515
-0.005399999999922499
-0.008799999999922497
-0.0049999999999225
0.008400000000077497
0.000200000000077501
-0.008399999999922496
-0.0005999999999225
-0.006999999999922496
-0.003399999999922501
-0.003399999999922501
-0.005799999999922498
-0.006599999999922497
0.003200000000077501
-0.01359999999992251
0.00020000000007750003
-0.0019999999999224995
-0.005199999999922498
0.0008000000000775001
-0.007599999999922495
-0.004399999999922501
0.004400000000077502
0.001200000000077501
0.003600000000077502
-0.010599999999922501
-0.0061999999999224975
0.0050000000000775
0.0022000000000775006
-0.000999999999922499
-0.0025999999999225
-0.0037999999999225012
-0.006999999999922496
0.006000000000077498
-0.0003999999999224999
0.005800000000077499
0.004800000000077501
0.001200000000077501
-0.003199999999922501
-0.006399999999922497
0.010400000000077502
-0.009199999999922498
0.002800000000077501
-0.002999999999922501
0.0028000000000775018
0.0014000000000775011
0.0014000000000775011
0.0024000000000775016
-0.0017999999999224994
-0.007799999999922495
-0.0025999999999225007
0.0038000000000775014
0.0068000000000774975
0.0062000000000774986
0.00020000000007750003
0.003400000000077502
0.0038000000000775022
-0.000999999999922499
-0.006999999999922496
0.0014000000000775003
-0.0033999999999225
-0.0007999999999225
-0.0037999999999225012
-0.003199999999922501
-0.0017999999999225003
0.005200000000077499
0.0014000000000775003
0.000400000000077501
-0.0011999999999225
-0.0017999999999224994
-0.0101999999999225
-0.008199999999922495
-0.0027999999999225008
-0.005599999999922499
-0.0047999999999225
0.0048000000000775
-0.003199999999922501
-0.003599999999922501
0.00040000000007750004
0.0008000000000775001
-0.003199999999922501
-0.003199999999922501
-0.005399999999922499
-0.0007999999999225
